40 30
1 5 1
1 1 3 2 2 2 1
1 7 1 1 1 1
6 1 2 1
3 10
3 5 2 1
8 4 3
1 5 3 4 3
2 4 3 2 2
3 5 2 3
2 2 2 1
8 1 2 2
1 5 2 2 1 1 2
1 1 2 3 2 1 1 5
1 3 3 1 1 6 1
7 1 4
3 1 2
8 6 5
2 1 11 1 5
2 3 5 6 2
2 1 6 3 4 1
2 1 4 1 5 3
8 5 9
2 3 8 1
2 11 1
1 1 1 5 6 1 2
1 3 3 3 3 3 1 1 1
1 1 1 2 4 5 3 3 1
4 1 1 3 1 3 2 4 2
3 7 1 6 3 2
2 2 4 1 4 1 1 2
1 6 1 4 1 4
1 5 1 1 4 5
1 3 1 1 1 3 1 2
1 1 1 1 1 3 3
1 7 1 1 1 3
2 2 3 1 2 3
1 4 2 2 1 1 4
2 2 3 1 1 1 5
4 3 1 8
1 1 1 3 2 7
1 1 1 1 4 1 3 4
1 1 2 1 4 2
2 2 2 1 2 1 1
4 1 1 1 1 4 3 3
4 3 1 1 1 5 2
3 1 3 4 3 2 7 1
4 4 2 1 1 1 2 2 1 2 1
8 2 1 2 2 3 5 1
1 5 2 1 1 1 2 2 2 1 3 2
7 2 1 1 1 4 2 1 5 3
5 3 1 3 4 2 6 1 2
3 3 2 2 4 1 5 1 1 1
4 1 5 10 2 2
3 2 1 5 4 2 2 1
4 1 3 5 2 2 10
2 2 4 2 6
2 2 1 7 17
3 2 2 3 4 5
1 2 1 5 7 1 4 1
2 1 3 9 6 2
1 1 3 1 4 6 3 1 1
1 6 1 1 2 1 2 5 1 1
1 1 2 1 1 2 1 2 3 2
1 1 3 2 1 2 1 2 1 2
1 3 3 2 1 1 2 4 3 3
1 1 5 1 3 5 2 4
1 1 1 2 1 2 5
2 1 10
2 10
